4 0.346875 0.403125 0.4109375 0.40625 0.4921875 0.440625 0.55625 0.4515625 0.5703125 0.4640625 0.6953125 0.4953125 0.7359375 0.5 0.784375 0.5171875 0.9359375 0.5265625 0.9984375 0.521875 0.9953125 0.05625 0.85 0.0515625 0.6421875 0.021875 0.5328125 0.021875 0.4828125 0.0125 0.4265625 0.0140625 0.2875 0.034375 0.2125 0.0546875 0.1203125 0.0921875 0.0328125 0.1390625 0.0328125 0.178125 0.046875 0.2078125 0.1 0.278125 0.1328125 0.309375 0.2296875 0.346875 0.346875 0.403125
4 0.3484375 0.403125 0.4109375 0.40625 0.49375 0.440625 0.55 0.4484375 0.5796875 0.465625 0.740625 0.5 0.7828125 0.515625 0.8453125 0.515625 0.9078125 0.525 0.9984375 0.5203125 0.9984375 0.059375 0.99375 0.05625 0.8453125 0.0515625 0.6484375 0.0234375 0.55625 0.0234375 0.48125 0.0125 0.434375 0.0140625 0.2796875 0.0359375 0.2140625 0.0546875 0.1171875 0.09375 0.0328125 0.140625 0.0328125 0.1765625 0.046875 0.2078125 0.1 0.278125 0.1328125 0.309375 0.215625 0.340625 0.3484375 0.403125
4 0.35 0.403125 0.41875 0.4078125 0.4921875 0.440625 0.5484375 0.4484375 0.571875 0.4640625 0.696875 0.4953125 0.7375 0.5 0.784375 0.5171875 0.9375 0.5265625 0.9984375 0.521875 0.9953125 0.05625 0.8328125 0.05 0.659375 0.0234375 0.5328125 0.021875 0.446875 0.0125 0.2796875 0.0359375 0.21875 0.053125 0.1171875 0.09375 0.0546875 0.125 0.0328125 0.1421875 0.0328125 0.1765625 0.0515625 0.215625 0.1328125 0.309375 0.165625 0.325 0.2 0.3328125 0.35 0.403125
4 0.1328125 0.309375 0.2046875 0.3359375 0.346875 0.403125 0.41875 0.4078125 0.4921875 0.440625 0.5515625 0.45 0.5703125 0.4640625 0.696875 0.4953125 0.7375 0.5 0.7828125 0.5171875 0.9421875 0.5265625 0.9984375 0.521875 0.9984375 0.0578125 0.853125 0.0515625 0.6546875 0.0234375 0.4390625 0.0140625 0.265625 0.0390625 0.171875 0.06875 0.0328125 0.1390625 0.0328125 0.1765625 0.0515625 0.215625 0.0609375 0.2203125 0.0625 0.23125 0.1 0.278125 0.1328125 0.309375
4 0.1328125 0.309375 0.2359375 0.35 0.346875 0.403125 0.4109375 0.40625 0.4921875 0.440625 0.55625 0.4515625 0.5703125 0.4640625 0.6953125 0.4953125 0.7359375 0.5 0.784375 0.5171875 0.9375 0.5265625 0.9984375 0.521875 0.9984375 0.0578125 0.821875 0.0484375 0.6484375 0.021875 0.54375 0.021875 0.45 0.0125 0.446875 0.0125 0.271875 0.0375 0.175 0.0671875 0.0328125 0.1390625 0.0328125 0.178125 0.0625 0.23125 0.1328125 0.309375
4 1 0.046875 0.8828125 0.040625 0.8375 0.0296875 0.734375 0.0265625 0.71875 0.01875 0.6703125 0.0140625 0.5703125 0.0140625 0.4625 0.0046875 0.4015625 0.009375 0.2765625 0.0328125 0.1875 0.059375 0.1234375 0.0859375 0.065625 0.115625 0.0265625 0.14375 0.025 0.165625 0.0359375 0.2171875 0.1125 0.303125 0.134375 0.3203125 0.34375 0.409375 0.4234375 0.421875 0.484375 0.446875 0.5484375 0.4578125 0.565625 0.4671875 0.778125 0.5234375 0.91875 0.534375 1 0.534375 1 0.046875
4 0.509375 0.915625 0.5921875 0.934375 0.8578125 0.9328125 0.8921875 0.925 0.91875 0.9265625 0.9296875 0.9171875 0.9375 0.91875 0.9390625 0.928125 0.95625 0.9296875 0.990625 0.928125 0.9953125 0.9265625 0.9921875 0.91875 0.9984375 0.9171875 0.9984375 0.6078125 0.928125 0.5875 0.859375 0.575 0.7359375 0.575 0.653125 0.5640625 0.5234375 0.5703125 0.4859375 0.58125 0.48125 0.5765625 0.328125 0.625 0.290625 0.640625 0.278125 0.653125 0.2234375 0.66875 0.2125 0.6859375 0.175 0.7125 0.171875 0.7390625 0.1890625 0.7640625 0.26875 0.8390625 0.359375 0.8671875 0.440625 0.9109375 0.509375 0.915625
4 0.45 0.915625 0.509375 0.915625 0.5953125 0.934375 0.871875 0.93125 0.8765625 0.9265625 0.91796875 0.925 0.9203125 0.9203125 0.9265625 0.925 0.928125 0.9171875 0.9453125 0.9140625 0.9984375 0.915625 0.9984375 0.6046875 0.9421875 0.5875 0.8484375 0.5734375 0.74375 0.575 0.675 0.5640625 0.5359375 0.56875 0.4875 0.5796875 0.48125 0.5765625 0.33125 0.6234375 0.275 0.653125 0.225 0.66875 0.1703125 0.715625 0.1703125 0.7390625 0.1921875 0.76875 0.2671875 0.8375 0.2828125 0.846875 0.3578125 0.8671875 0.45 0.915625
4 0.525 0.91875 0.5875 0.934375 0.85625 0.934375 0.8875 0.93125 0.8984375 0.9234375 0.91875 0.928125 0.9296875 0.9171875 0.9375 0.9171875 0.9359375 0.9265625 0.9421875 0.9296875 0.984375 0.9296875 0.9984375 0.9203125 0.9984375 0.60625 0.9453125 0.590625 0.859375 0.575 0.7375 0.575 0.684375 0.565625 0.525 0.56875 0.4171875 0.59375 0.30625 0.6328125 0.275 0.653125 0.2234375 0.66875 0.2109375 0.6859375 0.1703125 0.7171875 0.1703125 0.7359375 0.1890625 0.7640625 0.2703125 0.840625 0.3578125 0.8671875 0.4421875 0.9125 0.525 0.91875
4 0.515625 0.9171875 0.59375 0.934375 0.871875 0.9328125 0.8984375 0.9234375 0.9125 0.9265625 0.915625 0.9203125 0.9546875 0.93125 0.9984375 0.9265625 0.9984375 0.6078125 0.940625 0.590625 0.8578125 0.575 0.7359375 0.575 0.678125 0.565625 0.5375 0.56875 0.5015625 0.5734375 0.4875 0.58125 0.4796875 0.5765625 0.4734375 0.5828125 0.33125 0.6234375 0.278125 0.6515625 0.2234375 0.66875 0.2046875 0.6921875 0.1703125 0.71875 0.1703125 0.7359375 0.190625 0.765625 0.26875 0.8390625 0.359375 0.8671875 0.440625 0.9125 0.515625 0.9171875
4 0.278125 0.6515625 0.2234375 0.66875 0.2046875 0.6921875 0.1703125 0.71875 0.171875 0.7390625 0.2203125 0.7984375 0.271875 0.840625 0.359375 0.8671875 0.4421875 0.9125 0.528125 0.91875 0.59375 0.934375 0.871875 0.9328125 0.9 0.921875 0.903125 0.9265625 0.915625 0.9203125 0.9234375 0.9234375 0.9234375 0.9171875 0.9421875 0.9171875 0.9390625 0.928125 0.9984375 0.9265625 0.9984375 0.6078125 0.8578125 0.575 0.7359375 0.575 0.678125 0.565625 0.66984375 0.565625 0.5390625 0.56875 0.509375 0.571875 0.4875 0.58125 0.48125 0.5765625 0.328125 0.625 0.278125 0.6515625
4 1 0.559375 0.9671875 0.565625 0.9046875 0.565625 0.8484375 0.5484375 0.8171875 0.5484375 0.7890625 0.5609375 0.5375 0.565625 0.378125 0.603125 0.225 0.6625 0.1609375 0.7171875 0.1515625 0.7359375 0.1984375 0.790625 0.2734375 0.8546875 0.3546875 0.8796875 0.3953125 0.9046875 0.4453125 0.925 0.5328125 0.9296875 0.5828125 0.940625 1 0.9375 1 0.559375